point0:88.95522282 114.5771148
point1:736.11940332 -3.7935291100000086
point2:769.2786065 435.73383119
