point0:146.89552116 88.442787
point1:819.01741127 84.5870657
point2:803.20895394 524.41542109
